44444444444444444444444444444499999
234523452345234523452345234545999999
555555555555555555555555555555999999
5555666677778888888877776666889999999
7676767676767676767676767767679999999
88888888888777777777777888888899999999
66667777888899999999888877779999999999
999999999999999999999999999999999999999
777777777777777788888888888888999999999
7777777788888888777777778888889999999999
8888888888888888888888888888889999999999
88888888999999998888888899999999999999999
999999999999999999999999999999999999999999999
99999999999999999999999999999999999999999999999999999
999999999999999999999999999999999999999999999999999999999999999999999999
99999999999999999999999999999999999999999999999999999999999999999999999999999999999