222222222222222222222222222222
123123123123123123123123123123
333333333333333333333333333333
123412341234123412341234123434
444444343434343434343434343434
444444444444444444444444444444
234523452345234523452345234545
555555555555555555555555555555
555566667777888888887777666688
767676767676767676767676776767
888888888887777777777778888888
666677778888999999998888777799
9999999999999999999999
777777777777777788888888888888
777777778888888877777777888888
888888888888888888888888888888
888888889999999988888888999999
99999999999999999999999999999999999999999
999999999999999999999999999999999999999999999999
9999999999999999999999999999999999999999999999999999
99999999999999999999999999999999999999999999999999999999